1.184262394905090332e+00
-9.685043692588806152e-01
2.339071273803710938e+00
-1.219621896743774414e+00
8.364073634147644043e-01
2.187907546758651733e-01
-1.404669284820556641e+00
1.500487923622131348e+00
2.229499369859695435e-01
9.844551235437393188e-02
3.583971858024597168e-01
-8.140785694122314453e-01
-1.174832463264465332e+00
-2.051049321889877319e-01
5.451356768608093262e-01
-1.529445648193359375e+00
-7.881225943565368652e-01
-7.376077175140380859e-01
1.161320447921752930e+00
6.709757447242736816e-01
-2.443868070840835571e-01
1.762596964836120605e-01
1.601817965507507324e+00
2.157035022974014282e-01
5.566931366920471191e-01
2.879619300365447998e-01
9.521958231925964355e-01
3.717065453529357910e-01
2.271383404731750488e-01
2.115556150674819946e-01
-8.836794495582580566e-01
-8.306117057800292969e-01
-2.583240568637847900e-01
-7.964601516723632812e-01
-1.514858305454254150e-01
-1.339193701744079590e+00
1.442974060773849487e-01
3.899333775043487549e-01
-8.480055928230285645e-01
-1.617063879966735840e+00
1.112071514129638672e+00
4.039785563945770264e-01
8.071327209472656250e-01
-3.789199292659759521e-01
1.551198810338973999e-01
1.459967136383056641e+00
6.566930413246154785e-01
5.357557535171508789e-01
-5.057304166257381439e-03
-1.806027144193649292e-01
3.998064398765563965e-01
-1.513804912567138672e+00
5.299128890037536621e-01
-8.410723209381103516e-01
-1.723071455955505371e+00
-2.266875803470611572e-01
6.352875232696533203e-01
3.055614829063415527e-01
-1.159361720085144043e+00
1.426269412040710449e-01
3.301000893115997314e-01
-5.211963653564453125e-01
-6.922286152839660645e-01
-2.411394834518432617e+00
1.751145005226135254e+00
2.284087896347045898e+00
-1.341564357280731201e-01
-1.140051007270812988e+00
4.204175472259521484e-01
-1.685671329498291016e+00
1.283173680305480957e+00
-6.637242436408996582e-01
-7.852730341255664825e-03
-9.074600338935852051e-01
-3.532699942588806152e-01
-5.686516761779785156e-01
9.268920421600341797e-01
-8.052217364311218262e-01
3.059604167938232422e+00
1.559006690979003906e+00
-8.838105201721191406e-01
-3.962275385856628418e-01
-1.030293941497802734e+00
8.269027471542358398e-01
-3.985165059566497803e-01
-1.363334804773330688e-01
-5.249771475791931152e-01
2.573134005069732666e-02
5.009757280349731445e-01
-1.639890193939208984e+00
-1.493715524673461914e+00
1.394145190715789795e-01
-6.592136621475219727e-01
5.353421568870544434e-01
-4.510594904422760010e-01
9.613865986466407776e-03
9.341174960136413574e-01
-2.227499246597290039e+00
-1.801251888275146484e+00
2.504873275756835938e-01
-1.298820495605468750e+00
7.104814648628234863e-01
5.220588445663452148e-01
-6.802432239055633545e-02
-8.100924491882324219e-01
8.506545424461364746e-01
-1.128879427909851074e+00
-5.961948037147521973e-01
1.756839394569396973e+00
1.987468153238296509e-01
6.696728467941284180e-01
-2.717761099338531494e-01
-9.662565588951110840e-02
-3.035528063774108887e-01
5.622798800468444824e-01
-9.774675965309143066e-01
-4.889235794544219971e-01
1.129022002220153809e+00
-1.017901778221130371e+00
-1.447251796722412109e+00
4.802775681018829346e-01
9.592946171760559082e-01
3.141165077686309814e-01
-1.052734851837158203e+00
8.482049405574798584e-02
-5.843390822410583496e-01
-3.174755573272705078e-01
-7.914280295372009277e-01
2.332589924335479736e-01
3.289102762937545776e-02
-9.376788735389709473e-01
-1.450070142745971680e+00
-1.193913221359252930e+00
-1.140845656394958496e+00
1.205931305885314941e-01
8.014686107635498047e-01
1.220224648714065552e-01
6.248433589935302734e-01
1.506535530090332031e+00
1.213435977697372437e-01
1.734172463417053223e+00
2.247912436723709106e-01
8.370561897754669189e-02
8.345890045166015625e-01
-1.352320313453674316e+00
-1.471713900566101074e+00
5.313786864280700684e-01
-5.542383193969726562e-01
-6.858655214309692383e-01
-9.051331877708435059e-01
-4.156599640846252441e-01
-5.931937694549560547e-02
2.111330926418304443e-01
-6.402966976165771484e-01
-1.444033861160278320e+00
-1.066098093986511230e+00
-1.517534971237182617e+00
9.691110849380493164e-01
3.485298454761505127e-01
1.536292195320129395e+00
-4.103040099143981934e-01
4.128287434577941895e-01
-1.508433461189270020e+00
-1.151303425431251526e-01
5.175380110740661621e-01
-4.094905555248260498e-01
1.454487442970275879e+00
1.213520646095275879e+00
4.302971065044403076e-01
6.665857434272766113e-01
6.320955753326416016e-01
1.381500959396362305e+00
8.399822115898132324e-01
-1.444221585988998413e-01
8.365356922149658203e-01
1.200359344482421875e+00
9.843757748603820801e-01
1.807109475135803223e+00
-1.456355690956115723e+00
-2.754209280014038086e+00
-1.626886248588562012e+00
-4.225810468196868896e-01
8.217104673385620117e-01
8.871964812278747559e-01
8.141208887100219727e-01
-4.469154868274927139e-03
2.139320611953735352e+00
1.315922498703002930e+00
1.510958671569824219e+00
-4.815221726894378662e-01
8.255700469017028809e-01
-4.697362780570983887e-01
-2.243566274642944336e+00
-1.521264433860778809e+00
1.618771404027938843e-01
-9.414451122283935547e-01
-2.199090957641601562e+00
5.813471674919128418e-01
-2.053660601377487183e-01
1.459058403968811035e+00
-3.109556436538696289e-01
-9.146578907966613770e-01
7.510263919830322266e-01
5.535341501235961914e-01
2.881086468696594238e-01
3.013267219066619873e-01
-5.912422537803649902e-01
-1.226798221468925476e-01
1.937432885169982910e-01
-1.246187239885330200e-01
2.306651324033737183e-02
1.202502608299255371e+00
-5.536981821060180664e-01
3.379054367542266846e-01
-3.773156106472015381e-01
-1.160807255655527115e-02
1.115867853164672852e+00
-3.393248319625854492e-01
4.958245158195495605e-01
-4.780037999153137207e-01
-1.963114440441131592e-01
-7.111975550651550293e-01
1.625628948211669922e+00
7.666527032852172852e-01
-3.775773346424102783e-01
-1.517262607812881470e-01
-8.949001431465148926e-01
-7.341819405555725098e-01
1.640829443931579590e+00
1.600930690765380859e-01
-5.740896463394165039e-01
-1.223881363868713379e+00
1.958356618881225586e+00
-3.138644993305206299e-01
3.476315438747406006e-01
-1.419629812240600586e+00
7.888058423995971680e-01
-1.030804157257080078e+00
6.003705263137817383e-01
-5.205884575843811035e-01
1.094503164291381836e+00
1.633056551218032837e-01
2.830469846725463867e+00
6.876345872879028320e-01
1.255694031715393066e+00
1.511926889419555664e+00
-1.099588990211486816e+00
1.623717427253723145e+00
4.087542593479156494e-01
5.761592388153076172e-01
-4.289616942405700684e-01
-6.654259562492370605e-01
1.491208910942077637e+00
1.935078740119934082e+00
-9.577219933271408081e-02
-1.179150938987731934e+00
-2.347081005573272705e-01
-3.864274024963378906e-01
-4.102359116077423096e-01
6.075230836868286133e-01
-1.337892055511474609e+00
-1.537087932229042053e-02
8.374676704406738281e-01
9.943006634712219238e-01
-1.128583312034606934e+00
7.736472487449645996e-01
3.395251333713531494e-01
-1.038461327552795410e+00
5.677451938390731812e-02
6.458447575569152832e-01
-9.818670749664306641e-01
-6.366042494773864746e-01
4.520420432090759277e-01
5.605205893516540527e-01
3.125321567058563232e-01
-1.543384432792663574e+00
-1.273621320724487305e+00
5.291762948036193848e-01
1.963383555412292480e+00
1.270816326141357422e+00
-6.077260971069335938e-01
-1.190023422241210938e+00
1.331799745559692383e+00
1.465927064418792725e-01
-7.789061069488525391e-01
1.296087026596069336e+00
-1.783073991537094116e-01
-5.591854453086853027e-01
1.081814050674438477e+00
4.219515919685363770e-01
7.003192305564880371e-01
4.836720824241638184e-01
-1.275456666946411133e+00
-1.095169663429260254e+00
-5.057352185249328613e-01
1.798647165298461914e+00
9.509925246238708496e-01
4.753025770187377930e-01
1.348854780197143555e+00
2.166910469532012939e-01
