3.048802316188812256e-01
5.248260498046875000e-01
4.608141779899597168e-01
1.858216971158981323e-01
-1.013262867927551270e-01
2.120708115398883820e-02
-1.623098403215408325e-01
8.048729300498962402e-01
4.095273613929748535e-01
-3.590022623538970947e-01
4.804335236549377441e-01
1.426255345344543457e+00
3.321498334407806396e-01
2.020217657089233398e+00
3.623205721378326416e-01
-1.269851088523864746e+00
1.684382557868957520e-01
1.664008021354675293e+00
2.384735941886901855e-01
2.343153357505798340e-01
5.277311205863952637e-01
3.216570019721984863e-01
-1.566782712936401367e+00
1.479390501976013184e+00
7.223030179738998413e-02
1.651141166687011719e+00
3.134700059890747070e-01
1.748127222061157227e+00
8.770455718040466309e-01
-1.089540272951126099e-01
-4.671695828437805176e-02
-1.012489199638366699e+00
-1.113471388816833496e+00
1.447634339332580566e+00
-5.135313868522644043e-01
1.420739650726318359e+00