[ 0  0  0  0  0  0  0  0  0  0  0  0  0  0  0  0  0  0  0  0  0  0  0  0
  0  0  0  0  0  0  0  0  0  0  0  0  0  0  0  0  0  0 11  0  0  0  0  0
  0  0  0  0  0  0 13  0  0  0  0  0  0  0  0  0  0  0  0  0  0  0  0  0
  0  0 29  0  0  0  0  0  0  0  0  0  0  0  0  0  0  0  0  0  0  0 11  0
  0  0  0  0  0  0  0  0  0  0  0  0  0  0 29  0  0  0  0  0  0  0  0  0
  0  0  0  0  0  0  0  0  0  0  0  0  0  0  0  0  0  0  0  0  0  0  0  0
  0 29  0  0  0  0  0  0 10  0  0  0  0  0  0 11  0  0  0  0  0  0  0  0
  0  0  0  0  0  0  0  0  0  0  0  0  0  0  0  0  0  0 35  0  0  0  0  0
  0  0 34  0  0  0  0  0  0  0  0  0  0  0  0  0  0  0 19  0  0  0  0  0
  0 29  0  0  0  0  0  0  0  0  0  0  0  0  0  0  0  0  0  0  0  0  0  0
 29 29 29  0  0  0  0  0  0  0  0  0  0  0  0  0  0  0  0  0  0  0  0  0
  0  0  0  0  0  0  0  0  0  0  0  0  0  0  0  0  0  0  0  0  0  0  0  0
  0  0 11  0  0  0  0  0  0  0  0  0  0  0  0  0  0  0  0  0  0  0  0  0
  0  0  0  0  0  0  0  0  0  0  0  0  0  0  0  0  0  0  0  0  0  0  0  0
  0  0  0  0  0  0  0  0  0  0 11  0  0  0 34  0  0  0  0  0  0  0  0  0
  0  0  0  0  0  0  0  0  0  0  0  0  0  0  0  0  0  0  0 27  0  0  0  0
  0  0  0  0  0  0  0  0  0  0  0  0  0  0  0  0  0  0  0  0  0  0  0  0
  0  0  0  0  0  0  0  0  0  0  0  0  0  0  0  0  0  0  0  0  0  0  0  0
  0 27  0  0  0  0  0  0  0  0  0  0  0  0  0  0  0  0  0  0  0  0  0  0
  0  0  0  0  0  0  0  0  0  0  0  0  0  0  0  0  0  0  0  0 29  0 29  0
  0  0  0  0  0  0  0  0  0  0  0  0  0  0  0  0  0  0  0  0  0  0  0  0
  0  0  0  0  0  0  0  0  0  0  0  0  0  0  0  0  1  1  1  1  1  1  1  1
  1  1  1  1  1  1  1  1  1  1  1  1  1  1  1  2  1  1  1  1  1  1  1  1
  1  1  1  2  1  1 19  1  1  1  1  1  1  1  1  1  1  1  1  1  1  1  1  1
  1  1  1  1  1  1  1  1  1  1  1  1  1  1  1  1  1  1  1  1  1  1  1  1
  1  1  2  1  1  1  1 28  1  1  1  1  1  1  1  1  1  1  1  1  1  1  1  1
  1  1  1  1 16  1  1  1  1  2  1  1  1  1  1  1  1  1  1  1  1  1  1  1
  2  1  1  1  1  1  1  1  1  1  1  1  1  1  1  1  1  1  1 13  2  1  1  1
  1  1  1  1  1  2  1  1 19  1  1  1  1  1  1  1  1  1  1  1  1  1  1  1
  1  1  1  1  1  1  1  1  1  1  1  1  1  1  1  1  1  1  1  1  1  1  1  1
  1  1  1  1  1  1  1  1  1  1  1  1  1  1  1  1  1  1  1  1  1  1  1  1
  1  1  1  1  1  1  1  1  1  1  1  1  1  1  1  1  1  1  1  1  1  2  1  1
  1  1  1  1  1  1  1  1  1  1  1  1  1  1  1  2  1 19  1 16  1  1  1 12
  1  1  1  1  1  1  1  1  1  1  1  1  1  1  1 33  1  1  1  1  1  1  1  1
  1 22  1  1  1  1  1  1  1  1  1  2  1  1  1  1  1  1  1  1  1  1  1  1
  1  1  1  1  1  1  1  1  1  1  1  1  1  1  1  1 16  1  1  1  3  2  1  1
  1  1  1  1  1  1  2  1  1  1  1  1  1  1  1  1  1  1  7  1  1 28  1 19
  1  1  1  1  1  1  1  1  1  1  1  1  1  1  1  1  1  1  1  1  1  1  1  1
  1  1  1  1  1  1 16  1  1  1  1  1  1  1  1  1  1  1 28  1  1 22  1  1
  1  1  1  1  1  1  1  1  1  1  1  1  1  1  1  1  1  1  1  1  1  1  1  1
  1  8  1  1  1  1  1  1  1  1  1  1  1  1  1  1  1 17  1  1  1  1  1  1
  1  1  1  1  1  1  1  1  1  1  1  1  1  1  1  1  1  1  1  1  1  1  1  1
  1  1  1  1  1  1  1  1  1  1  1  1  1  1  1  1  1  1  1  1  1  1  1  1
  1  1  1  1  1  1  1  2  2  2  2  2  2  2  2  2  2  2  2  2  2  2  2  2
  1  2  2  2 33  2  1  2  2  2  2  1  2 33  2  2  2  2  2  2  2  1  2  2
  2  2  2  2  2  2  1  2  1  2  2  2 19  2  2  2  2  2  2  2  2  2 11  2
  2  2  1  1  2  1  2  2  1  2  2  2  2  2  2  1  1  2  2  2  2  2  2  2
  2  2  1  2  1 13  2  2  2  2  1  1  2  2  2  2  2  2  2  2  2  2  2  2
  6  2  2  2  2  2 33  2  2  1  1  1  2  2  2 33  1  2  2  2  2  2  1  2
 33  2  2  2  2  2  1 13 11  2  2  2  1  2  2  2  2  2  2  2  2  1  1  2
  2  2  2  2  2  2  2 11  2  2  2  2  2  2  2  2  2  2  2  2  2  2  2  1
  6  2  2  1  2  2  2  1  1  2  2 28  2  2  2  2  2  2  2  1  2  2  2  2
  1  2  2  2  2 33  2  2  2 33  2 33  2  2 33  2  2  2  2  2  2  1  2  2
 19  2  2  2  2  2  2  2  1  2  2  2  2  2  2  2  2  2  2  2  2  2  2  2
  2  2  2  2  2  2  2  2  2  2  2  2  2  2  2  2  2  2  2  2  2  2  2  1
  2  2  2  2  2  2  1  2  2  2  2  2  2  2  2  2  2  2  1  2  1  2  2  2
 15  2  2  2  2  2  2  2  2  2  2  1  2  2  2  1  1  1  2  2  2  1  2  2
  2  2  2  2  1  2  2  2  2  2  2  2  2  1  2  2  2  2  2  2  2  2  1  2
 33  2  1  2  2  2  1  2  2  2  2  2  2  2  2  2  1  2  2  2  1  2  2  2
  2  2  1  2  2  2  2  2  1  2  2  2  2  1  2  2  2  2  0  0  2  2  1  2
  2  2  2  2  2  1  1  2  2  2  2  2  2  2  2 34  2  2  2  2  2 33  1  2
  2  2  2  2  1  1  1  2  2  2  2  2  2  2  2  2  2  2  2  1  2  2  2  2
  2  1  2  2  2  2  1  2  2  2  2  8  2  2  2  2  2  2  1  2  2  2 33  2
  2  2  2  1  2  2  2  2  2  2  2 33  2  2  1 14  2  2  2  2  2  2  2  2
 11  1 31  2  2  2  2  2  2 33  2  2  2  2  2  2  2  2  2  1  1  2  3  3
  3  3  3 23  3  3  3  3  3  3  3  3  3  3  3  3  3  3  4  3  3  3  4  3
  3  3  3 28  3  4  3  3  3  3  3  3  3  3  3  3 28  3  3  3 17 28  3  4
  3  3  3  3  3  3 15  3  3 28  3  3  3  3  3  3  3  3  3  3 32  3  4  3
  3  3  3  3  3 28  3  3  3  3  3  3  4 22  3  3  3  3  3  3  3  3  4  4
  3  3  3 28  4  1  3 22  3  3  3  3  3 13  3 12  3  4  3  3  3  3  4  3
  3  3  3  3  3  3 28 28  3  3  3  3  3  3  3  3  3  3  3  3  3  3  3  3
  3  3  3  3  3  3  3  3  3  3  3  3  3  4  3  3  3  3  3  3  3  3  3  3
  3  3  3  3  3  3  3  3  3  3  3 19  4  3  3  3  3  3  3  3  3  3  3  3
  3  3  3  3  3 28  3  3  3  3  4  3 30  3  3  3  3  3 30  3 22  3  3  3
  3  3  3  3  3  3  3  3  3  3  3  3  3  3  3  3  4  3  4  3  3  3  3 23
  3  3  3  3  3  3  3 30 32  3  3  3  3  3  3  3  4 34  3  3  3  3  3  3
 15  3  4  3  3  3  3  3  3  4  4  3 14  3  3  3  3  3  3 13  3 21 28  3
  3 28  3  3  3  3  3 28  3  3  3  3  3  3  3  3  3  3  3  3  3  3  3  3
  3  3  3  3  3  3  1  3  3  3  3  3  3  3 30  3  3  3  4  3  3  3  3 28
  3  3  3  3  3  3  3  3  4  3  4  3 22  3  3  3  4  3  3  3 22  3  3  3
  3  3  3  3 32  3  3  3  3  3  3  3  3  3 30  3  3 12  3  3  3 30  3  3
 14  3  3  3  3  3  3  3 28  3  3  4  3  3  3  3  3  3  3  3  3  3  4  3
  4  3  3  3  3  3  3  3  3  3  3  3  3  3  3  4  3  3  3  4  3  3  3  3
 21  3  3  4 22  3  3  3  3  3  3  3  3  3  3  3  3  3  3  3  3  3  3  3
  3  3  3  3  3  3 23  3  3  3  4  3  3  3 15  3  3  3 28  3  3  3  3  3
  3  3  3  3  3  3  5  3  3  3  3  3  3 32  3  3  3  9  3 28 28 28 28  3
  3  3  3 19 22  3  3  3  3  3  5 29  3 28 10  4  4  4  4  4  4  4  4  3
  4  4  4  4  4  4  4  4  4  4 32  4  4  4 25  4  4  4  4 32 32  4  4  4
  4  4  4 21 32  3  4  4 32  4  4  4  4 32  4  4  4  4  4  4  4  4 31 32
  4  4 32  4  3  4  4  4 32 31  4  4  4  4  4  4  4  3 32  4  4  4  4  4
  4  4  4 32 32 32  4  4  4  4  4  4  4  4  4  4  5  3  4  4  4  4  4 32
  4  4  4  4  4  4  4  4  4  4 32 32  4  4  4 21  4 32  4  4  4  4 10  3
  4  4  4 32  4  4  4  4  4  4 32 32  4  4 32  4 32  4  4  4  4  4  4  4
  4  4 21  5  4  4 15  4  4  4  4  4 32  4  3 17 32  4 21  4  4  4  4  4
 32  4  4  4  4  4  4 32 13  3  4  4  4 32  4 25  4 32  4  4  4 32  4  3
  4  4  4 32  4 32  4  4 32  4  4  4  4  4  4  4  4  4  4  4  3  4  4  4
  4  4 25  4  4  4  4  4  3  4  3  4  4  4  4 32  3  4  4 32  4  4  4  4
 28  4 32  4  4  4  3  5  4  4  4 32  4  4  4  4  4  4  4  4  4  4  4  4
  4  4  3  4  4  4  4 32  4  4  3 32  4  4  4  4  4  4  4 32  3  4  4  4
  4  4  4  4 32  4  4  4  4  4  4  4 25  4 32  4  4  4  4  4  4  4 32  4
  4  4  4  4  4  4  4  4  4  4  4 32  4  4  4 25 10  4  4 22 18 32  4  4
  4  4 32  4  4 32  4  4  4  4  4  4  4  4  4  4  3  4  4  4  4  4  4  3
 32  4  4  4  4 32  4  4  4  4  4  4 32  3  4  4  4  4  4  4 20  4  4  3
 25  4 32  4  4 32  4  4  4  4  4  4  4  4  4  4  4  4  4  5  4  4  4  4
  4  4 25  4  4  4  4  4  4 32  4  4  4  3 32 32  4  4  4  4  4  4 15  4
 21  4  4  4 32  3  4 20  4  4  4 32  4  4 26  4  4  4  4  4  5  5  5  5
  5  5  5  5  5  5  5  5  5  5  5  5  5  5  5  5  5  5  5  5  5  5  5  5
  5  5  5  5  5  6  5  5  5  5  5  5  5  5  5  5  4  6  5  5  5  5  5  5
  5  5  5  5  5  5  5  5  5  6  5  5  5  5  5 25  5  6  5  5  5  0  5  5
  5  5  6  5  5  5  1  5  5  5  5  5  5  5  5  5  5  5  5  5  5  5  5  5
  5  6  5  5  5  5  5  5  5  5  5  5  5  5  5  5  5  5  5  5  5  5  5  5
  5  5  5  5  6  5  5  5  5  5  5  5  5  5  5  5  5  5  5  5  5  5  5  5
  5  5  5  5  5  5  5  5  5  5  5  5  5 21  6  5  6  5  5  5  5  5  5  5
  5  5  5  5  5  5  5  5  5  5  5  5  5  5  5  5  6  5  5  5  5  5  5  5
 25  5  5  5  5  6  5  5  5  5  5  5  5  5  5  5  5  5  5  5  5  5  6  5
  5  5  5  5  5  5  5  5  5  5  5  5  5  5  5  5  5  5  5  5  6  6  5  6
  6  5  5  5  5  5  5  5  5  5  5  6  5  5  5  5  5  5  5  5  5  5  5  5
  5  5  5  5  5  5  5  5  5  5  5  6  5  5  5  5  5  5  5  5  5  5  5  5
  5 25  7  5  5  5  5  5  5  5  5  5  5  5  6  5  6  5  5  5  5  5  5  5
  5  5  5  5  5  5  5  5  5  5  5  5 35  5  5  5  5  6  5  5  5  5  5  5
  5  6  5  5  5  5  5  5  5  5  5  5  5  5  5  6  5  5  5  5  5  5  5  5
  6  5  5  5  6  5  5  5  5  5  5  5  5  5  5  5  5  5  5  5  5  5  5  5
  5  5  5  6  5  5  5  5  5  5  5  5  5  5  5  5  5  5  6  5  5  5  5 20
  5  5  5  5  5  5  5  5  5  5  5  5  5  5  5  5  5  5  5  5  5  5  5  5
  5  5  5 25  5  5  5  5  5  5 21  5  5  5  5  5  5  5  5  5  5  5  7  2
  5  5  5  5  5  5  5  5  5  5  5  5  5  5  5  5  5  5  5  5  5  5  5  5
  5  5  5  5  5  5  5 21  5  5  5  5  5  5  5  5  5  5  5  5  5  5  5  3
  5  5  5 20  5  5  5  5  5  5  5  5  5  6  6  6  6  6  5  6  6  3  6  6
  5  6  5  5  6  6  6  6  6  6  5  6  6  6  5  5  6  6  5  5  5  6  5  5
  6  6  5  5  6  6  6  6  5  5  5  6  5  6  6  6  6  5  6  6  6  6  6  5
  6  5  6  6  6  6  5  6  6  5 20  5  6  6  6  5  5  6  5  5  6  6 28  5
 23  6  6  5  6  6  5  6  6  6  6  6  6  5  6  5  5  6  6  5  6  6  6  6
  6  6  6  6  6  6  6  6  5  6  5  6  6  5  5  6  5  6  6  6 21  6  6  6
  5  6  5  6  6  5  6  6  6  5  6  6  6  5  5  6  5  6  5  6  6  1  5  6
  6  6  5  5  5  6  5  5  6  5  5  5  6  6  5  6  5  5  6 15  5  6  6  6
  6  5  6  6  5  6  5  6  6  5  6  6  6  5 20  5  6  6  6  6  6  5  5  6
  5  6 23  5  5  5  6  6  6  5  6  6  6  5  6  6  5  5  5  6  6  5  6  5
  6  6  6  5  6  6  6  5  5  5  6  6  5  5  6  5  5  6  6  6  5  5  6  6
  5  6  6  5  5 23  5  6  6  6  5  6  6  6  6  6  6  6  6  6  5  6  6  6
  6  6  6  5  6  6  6  5  6  6  6  5  5  6  6  6  6  6  6  6  6  6  6  5
  5  5  6  6  6 20  6  6  6  6  6  6  5  6  6  6  5  6  6 33  5  6  5  6
  5  5  5 32  6  6  6  6  6  6  6  6  6  6  6 32  6  6 15  5  6  5  5  5
  6  6  6  6  6  6  6  6  6  5  6  5  6 30  6  5  5  5  6  5  6  6  6  6
  5  6  6  5  6  6  5  6  6  6  6  6  6  6  1  5  6  6  5  6  6  6  5  5
  5  5  6  5  6  6  6  6  5  6  5  6  6  6  6  6  5  6  6  6  6  6  6  6
  0  6  6  5  6  5  5  5  6  5  5  6  5  5  5  6  6  6  5  6  5  6  6  6
  5 20  5  6  6  6  6  6  6  6 35  6  6  6  5  6 25 30  5  6  6  6  5  6
  6  6 20 10  5  5  6  6  5  6  6  6  6  6  6  6  6  6 21  5  6  6  6  6
  6  6  6  6  5  5  5  5  5  5  5 25  5  7  5  5  5  5  5  3  5  5  5  5
  5  5  5  5  5  5  5  5  5  5  5  5  5  5  5  5  5  5  5  5  5  5  5  7
  5  5  5  7 20 35 20  5  5  5  5  7  5  5  5  5  5 20  5  7  7  5 20  5
  5  5  5  5  5  5  7  5  5  5  5  5  5  5  5  5  5  5  5 20  5  5  7  5
  5  5  5  5  5  5  5  5  5  5  5  5  5 35  7  7  5  5  5  5  5  5 20  5
  5  7  5  5  5  5  5  7  7 20  5  5  5  5  5  5  7 20  7  5  5  7  5  5
  5  5  5 20  5  5  5  5  5  5  5  7  5  5  5 20  5  5  5  5  5  7  5  5
  5  1  5  5  7  5  5  5 20  5 25  5  5  5  5  7  5  5  0  7  7 20  5  5
  7  5  5  5  5  5  5  5  5  5  5  5  7 32  5  5  5 19 20  5  5  5 20  5
 20  7  5  5  7  5  5  5  5  5  5  5  5  5  5 20  5  5  5  7  5  4  5  5
  5  7  5 20  5  5  7  5  5  5  5  5  5  7  5  5  5  7  5  5  5  5  7  5
  5 20  7 20  5  7  7  5  5  5 20  5  5  7  5  5  7 21  5  7  5  5  5  5
  5  5  5  5  5  5  5  5  5  5  5  7  5  5  5  5  5 20  5  5  5  7  5  5
  5  5  5  5  5  5 20  7  7  7  5  5  5  5  5  5  5  5  5  5  5  5  5  5
 35  7  5  5  7 20 20  5  5  7  5  7  5  5  5  5  5 20  5  5  5  5 20  5
  5  5 21  5  7 20  5  5  5  5  5  7  5  5  5  5 20  5  5  5  5  7  5 34
  5  5  7  5  5  5  5  5  5  5  5  7  5  5  5  5 30 20  5  7  5  5  5  5
  5  5  5  5  5  5  7  5  5  5  5  5  7  7  5  5  5  5  5  5  5 20  5  5
  5  5  5  5  7  5  5  5  5 25  5  5  5  5  5  5  5  5  5  7  5  5  5  5
  5  5  5 20 35  5 20  5  5  5  5  5  8  5  5  5  5  5  5  7 21  5  5  5
  7  7  5  5  5  5  5  5  5 30 25  7 20  7  5  5  5  5  7  5 20  7  5  5
  5  5 20 20  5  5  5  5  5  7  5  5 20  7  5  5  5  5 25  5 21  8  8  5
 21 20 21  8  8  8  8  8  8  8 21  8 21 21  8  8  8  8 20 21 20 21  8  8
  8  8  8 21  8 20 21 20  8  8  8  8 21  8 21  8 21  8 21  6  8  8 21  8
  8 21 20 21 20  8  8  8  8 21  8 11  8  8 21  8  8 21  8  8  5  8 21  8
  8  5  8 21  8 20  8 21  8 21 34 21  8  8 21 21  8  8  8 25  8  8  8  8
 21  8  8  8  8  6  5 21 21  8  8 21  8 21 21  8  8  8 20 21 21  8  8  8
  8 21 21 21  5  8  6  8 35  8  8 21 20 21  2 21  8  8 21  8  8  5 21 21
  8  8 20 21 21  8  8  8 21 21 21  8  8  8 21 21 20  8 21  8  8  8  8 21
 21  5  8  8  8  8 21  8 21  6  8  8  8 21 21  8 21 21 35 21 21  8  8  8
  8 21  8  8 32  8  8  8 20  8  8  8  8  8 34  8  8  8  8  8  8  5 21  8
  8  8 21 18 21  8  8 21 20  8 20 21  8  8 21  8 21  8 21  8  8  8  8  8
 21  8 20 21 21  8 21  5 21  8  8 21  8 21 11  8 21  8  8  8  8  8  8  8
 21  8  8  8 27  8  8 21 20 21 21  8 20  8  8  8  8  8  8 21  8 21  8 21
 21  8  8 21 21  8  8 21 21  8  8  8  8 21  8 21 23 20 20  8  8  8  8 18
 21 21  8  8  8  8 21  6 21  8  8  8 21 20  8 21  8  8  8  8 21  8  8  8
  8  8  8 21  5  8 21  8 21  8 21 21  8  8 21  8  8 21  8 21  8  8  8 21
  8  8  8  8  8  8  5  8  8  8  8 21  8 21  8 34 21 20 21  0  8 20  8 21
 21  8 21  8 20 21  8  8  8  8  8  8 21  8  8  8  8  5  8  8 20  8  8 21
  8  5  8  8  8 21  8  8 21  8  8 20  8  5  8 21  5  8  8  8 21  8 21  8
  8  8 21 21  8 32  8  5  8 21  8 21 21 21 21  8  8 21  8  8  8  8  8 21
  8  8 21  8  8 21  8 21  8  8 21 34  8 21  5  8  8  8  8  8 21  8 21 21
 20  8  8  8 21 21  8  8  8  5 30 21  8 21 21  8 21 21 21  8 21  8 21 21
 21 20 21 21 21  8 21 21  8  8 21  9  9  9  9  9 32  9  9  9 32  9  9  9
  9  9  9  9  9  9  9  9 34  9  9  9  9  9  8  9  9  9  9  9  9 29  9  9
  9  9  9  9  9  9  9  9  9  9  9  9  9  9  9  9  9  9  9  9  9  9  9  8
  9  9  9  9  9  9  9  9  9 32  9  9  9  9  9  9  9  9  9  9  9  9  9  9
  9 32  9  9  9  9  9  9  9  9  9  9  9  9  9  9  9  9  9  9  9  9 29  9
  9  9  9  9  9  9  3  9  9  9  9  9  9  9 29  9  9 29  9  9 29 32  9  9
  9 29  9  9 29  9  9 29  9  9  9 29  9  9  9  9  9  9 29 29  9  9  9  9
  9 10  9  9  9 29 34  9  9  9  9  9  9  9  9  9  9  9  9  9  9  9  9  9
  9 29  9  9  9  9  9  9  9  9  9  9  9  9  9  9  9  9  9  9 34  9  9  9
  9  9  9 10  9  9 34  9 11  9  9  9 29  9 34  9  9  9  9 30  9 29  9  9
  9  9  9  9 32  9  9 29  9  9  9  9  9  9  9  9  9  9  9  9  9  9  9  9
 29  9  9  9 29  9  9  9  9  9  9 34  9 18  9  9  9  9  9  9 29  9  9  9
  9 10  9  9  9  9 29  9  9  9  9  9  9  9  9  9  9  9  9 34  9  9  9  9
  9  9  9  9  9  9  9  9  9  0  9  9  9  9  3  9 29  9  9  9  9  9  9  9
  9  9  9  9  9 29  9  9  9  9  9  9  9 29  9  9 29  9  9  9  9  9  9 29
  9  9  9  9  9 34 29  9  9 22  9  9  9  9 29  9  9  9  9  9  9  9  9  9
  9  9  9  9  9 29 29  9  9  9  9 29  9  9  9  8 12 22  9  9  9 32  9  9
  9  9  9  9  9  9 32  9  9  9  9  9  9  9  9  9  9  9  9  9 29  9 29  9
  9  9  9  9  9  9  9  9  9  9  9  9  9 10  9  9  9  9  9  9  9  9 29  9
  9  9  9  9  9  9  9  9  9  9  9  9 29  9  9  9  9 29 34  9  9  9  9  9
  9  9  9 29  9 32  9  9  9  0 29  9  9  9 29  9  9  9  9 29 32  9  9  9
 29  9  9  9  9  9  9 29  9  9  9  9 29 29  9  9 29  9  9  9  9  9  9  9
  9  9  9 10 10 10 10 10 10 10 10 19 10 10 10 10 10 12 10 10 10 12 12 10
 10 10 10 12 10 12 10 10 19 10 10 10 10 10 10 10 10 10 10 10 10 10 10 10
 10 10 10 10 12 19 10 10 10 10 12 10 10 10 10 10 10 10 10 10 10 10 10 10
 10 10 10 10 10 10 10 10 10 10 19 10 10 10 10 10 10 10 10 10 22 10 10 10
 10 10 10 10 10 10 10 10 21 10 10 10 10 10 10 19 10 10 10 10 10 10 10  9
 10 10 10 10 10 10 10 10 10 10 10 10 10 10 10 10 10 12 10 10 10 10  9 10
 10 10 10 12 10 10 10 32 10 10 10 10 10 10 10 10 12 10 10 10 10 10 10 10
 10 10 10 10 10 12 10 10 10 10 10 10 12 10 10 10 10 10 10 10 10 10 10 10
 10 32 10 10 10 10 10 10 10 10 10 10 12 10 10 10 10 10 10 10 10 10 10 10
 10 10 10 10 10 10 10 10 10 10 10 10 10 10 10 10 10 32 10 10 10 10 10 10
 10 10 10 12 10 10 10 10 19 10 10 10 10 10 32 10 10 32 10 10 10 10 10 10
 10 10 10 10 10 10 10 10 10 10 10 10 10 10 10 10 32  9 10 10 10 10 10 10
 10 10 10 10 10 10 10 10 10 10 10 10 10 10 10 12 10 10 12 10 10 10 10 10
 10 10 10 10 10 10 10 10 10 10 10 10 10 10 19 10 10 10 10 10  9 10 10 10
 10 10 10 10 10 10 10 10 10 22 10 10 10 10 32 10 12 10 10 10 10 10 10 10
 10 10 10 22 10 10 10 10 12 10 10 10 10 10 10  9 32 10 32 10 10 10 10 10
 10 10 10 10 10 10 10 10 10 18 10 19 10 10 10 22 10 10 10 10 10 10 10 10
 10 10 10 10 10 10 10 10 10 10 10 10 10 10 10 10 10 10 19 10 10 19 10 10
 10 10 10 10 10 10 29 10 10  9 10 10 10 10 10 10 19 10 10 10 10 10 10 10
 10 10 10 10 10 10 10 11 11 11 11 11 11 11 11 11 11 11 11 11 11 11 11 11
 11 11 11 11 11 11 11 11 29 11 11 11 11 11 11 11 11 11 11 11 11 11 11 11
 29 12 11 11 11 11 11 11 11 11 11 11 11 11 11 11  0 11 11 11 11 11 29 11
 11 11 11 11 11 11 11 11 11 11 11 11 11 11 21 11 11 11 11 11 11 11 11 11
 11 11 11 11 11 11 11 29 11 29 11 11 11 11 11 11 11 11 11 11 11 11 11 11
 11 11 11 11 11 11 11 11 11 11 11 11 11 11 11 11 11 11 11 11 11 11 11 11
 11 11 11 11 11 11 11 16 29 11 11 11 11 11 11 11 11 11 11 11 11 11 11 11
 11 11 11 11 11 11 11 11 11 11 11 29 11 11 11 11 11 11 11 11 11 11 11 11
 11 11 29 11 11 11 19 11 11 11  0 11 11 11 11 11 11 11 11 11 11 11 11 11
 11 11 11 11  0 11 11 11 11 11 11 11 11 11 11 11 11 11 29 11 11 11 11 11
 34 12 11 11 11 11 11 29 11 11 11 11 11 11 11 11 11 12 11 11 11 11 11 11
 11 11 11 11 11 11 11 11 11  0 11 11 11 29 11 11 11 11 11 11 11 11 11 11
 11 11 11 11 11 11 11 11 11 11 11 11 11 11 11 11 11 11 11 11 11 11 11 11
 11 11 11 11 11 11 11 11 11 11 11 11 11 11 11 11 11 11 11 11 11 11 11 11
 11 11 11 11 11 29 11 11 11 11 11 11 11 11 11 11 11 11 11 11 11 11 11 11
 11 11 11 11 11 11 11 11 11 11 11 22 11 11 11 11 11 11 11 11 11 11 11 11
 11 11 11 11 11 11 11 11 11 11 11 11 11 11 11 11 11 11 11 11 11 11 11 11
 11 11 11 11 11 11 11 11 29 11 11 11 11 11 11 11 11 11 11 11 11 11 11 11
 11 11 11 11 11 11 29 24 11 11 11 11 11 11 11 11 11 11 11 11 11 11 11 29
 11 11 11 11 11 11 11 11 11 11 11 11  0 11 11 11 11 11 11 11 29 11 11 11
 11 11 29 11 11 11 11 11 13 11 11 11 11 11 11 11 11 11 11 11 11 11 11 11
 11 11 11 11 11 11 11 11 11 11 11 11 29 11 11 11 11 11 11 11 11 11 11 13
 12 12 22 12 12 12 12 12 12 12 11 12 12 12 12 12 12 12 22 12 12 12 12 12
 12 12 12 12 12 12 12 12 12 12 12 12 12 12 12 12 12 12 12 12 12 12 12 12
 12 12 12 12 12 12 12 12 12 12 12 12 12 12 10 10 12 12 12 12 12 12 12 12
 12 12 12 12 12  3 12 11 12 12 12 12 12 12 12 12 12 12 12 12 12 12 12 11
 12 12 12 12 12 12 12 12 12 12 12 12 12 12 12 12 12 12 12 12 12 12 12 12
 12 12 12 12 12 12 12 12 12 12 12 12 13 12 12 12 12 12 12 12 12  9 12 12
 12 12 12 12 12 12 12 12 12 12 12 12 12 12 12 12 12 12 12 12 12 12 12 12
 12 12 12 12 12 11 12 12 12 12 32 12 12 22 13 12 12 12 12 12 12 12 12 12
 12 13 12 12 12 12 12 12 12 12 12 12 12 12 12 12 12 12 12  9 12 12 12 12
 12 12 12 12 11 12 12 12 12 22 12 12 12 12 12 12 12 12 12 12 12 12 12 12
 12 12 12 12 12  9 12 12 12 12 12 12 12 12 12 12 22 12 12 12 12 13 12 12
 12 12 12 10 12 12 12 12 12 12 12 12 12 12 12 12 29 12 12 12 12 12 12 12
 12 12 12 12 12 12 12 10 12 12 12 12 12  9 12 12 12 12 12 12 12 12 12 12
 12 12 12 12 12 12 12 12 12 12 12 12 12 12 12 12 12 12 12 12 12 12 12 12
 22 12 12 12 12 12 12 13 12 12 21 12 12 24 12 12 12 12 12 12 12 12 12 12
 12 12 12 12 10 12 12 12 12 12 12 12 12 12 12 12 12 12 12 12 12 12 12 12
 12 12 12 12 12 12 12 12 12 12 12 12 12 12 12 12 12 12 12 12 12 12 12 12
 12 10 12 12 12  9 12 12 13 12 12 12 12 12 12 12 12 12 12 12 12 12 12 12
 12 12 12 12 12 12 12 12 12 12 12 12 12 12 12 12 22 12 13 12 12 12 12 12
 12 12 13 12 12 12 12 12 12 12 12 12 12 12 12 12 13 12 12 12 12 12 12 13
 12 12 12 12 10 12 12 12 12 12 12 12 12 12 12 12 12 12 12 12 12 11 12 12
 12 12 12 13 12 12 12 12 12 12 12 12 12 12 12 29 13 13 13 13 13 13 29 13
 13 13 13 13 13 13 12 13 13 32 13 13 13 12 10 13 13 13 25  9 13 13 13 29
 13 13 25 13 13 12 13 13 13 13 13 13 13 13 13 13 13 13 13 13 12 12 12 13
 29 13 13 13 13 13 13 13 13 13 13 13 13 13 13 25 13 13 13 13 13 13 12 13
 13 13 10 13 29 25 13 13 12 12 13 13 13 13 13 13 13 12 13 13 13 13 13 13
 13 13 13 13 29 29 29 13 13 13 29 13 13 13 13 13 13 13 13 13 13 13 13 13
 13 13 13 13 13 13 13 13 13 13 13 13 13 13 32 13 13 13 13 13 13 13 13 13
 13 13 13 13 13 13 13 13 29 13 13 13 13 13 13 13 13 13 13 13 13 13 29 13
 13 13 12 13 13 13 13 13 13 13 12 13 12 13 13 13 13 13 13 13 13 13 13 13
 13 13 13 13 13 13 13 13 13 13 12 13 13 13 13 13 13 13 13 13 13 13 13 13
 13 13 13 13 13 13 13 13 13 13 13 13 13 10 13 13 13 13 13 13 13 13 13 13
 13 13 13 13 13 13 24 13 13 29 13 13 13 13 13 13 13 13 13 13 13 13 29 29
 13 13 13 13 13 13 12 13 29 12 13 13 13 13 13 13 13 13 29 13 13 13 13 13
 13 13 13 13 13 13 10 12 13 13 13 12 13 13 13 13 13 13 13 13 13 32 13 29
 13 13 13 13 13 13 13 13 13 13 13 13 13 13 13 13 13 13 13 13 25 13 13 13
 13 12 13 13 13 13 13 13 13 13 13 13 13 13 13 22 32 12 13 25 10 13 13 13
 10 13 13 13 13 13 13 13 13 13 13 13 13 13 13 13 13 13 13 13 13 13 13 13
 13 29 13 13 13 13 13 13 13 13 13 13 13 12 13 12 13 13 13 13 13 13 12 13
 13 13 13 32 13 13 13 13 13 13 13 13 13 13 29 12 13 13 13 12 13 13 13 13
 13 13 13 13 13 13 13 13 13 13 29 13 13 13 13 13 11 13 13 13 13 13 13 12
 13 12 13 13 13 13 32 13 29 13 13 13 13 13 13 13 13 29 13 12 13 13 13 13
 14 13 13 12 13 13 13 13 13 13 13 13 13 13 13 13 13 29 13 13 13 13 13 13
 13 13 13 13 13 10 14 14 14 14 13  0 14 14 14 14 16 14 14 14 25 14 14 16
 16 14 16 14 14 16 14 16 17 14 14 31 14 14 16 14 14 14 14 13 16 14 14 14
 14 14 14 14 16 14 14 14 14 14 14 31 14 14  1 14 14 14 14 14 14 14 14 31
 14 14 14 16  0 16 14 14 14 14 14 14 14 14 16 14 14 14 14 14 14 14 14 14
 14 14 14 14 14 14 14 14 14 14 14 14 14 14 14 14 14 16 14 17 16 14 14 14
 14 14 14 14 14 14 14 14 14 14 14 14 14 14 14 14 14 16 14 14 14 14 14 14
 14 14 14 14 14 31 14 14 14 14 14 14 14 14 14 14 14 14 14 14 14 14 14 14
 14 14 14 14 14 14 14 14 14 16 14 14 15 14 14 16 14 14 35 14 14 14  3 14
 14 31 14 14 14 31  2 14 14 16 14 14 14 16 14 14 14 14 14 14 14 14 14 16
 14 14 14 14 14 14 14 14 14 14 14 14 25 14 14 14 14 14 14 14 14 14 31 14
 14 31 14 14 14 14 14 14 28 25 14 16 14 14 14 14 16 14 14 14 14 14 14 14
 14 14 14 14 14 14 14 14 14 14 14 14 14 14 17 14 14 14 14  1 14 14 14 14
 14 14 14 14 14 16 14 14 14 14 14 14 14 14 17 14 14 14 14 14 14 16 14 33
 14 17 14 14 14 14 14 14 16 14 14 14 14 14 14 14 14 14 14 14  0 14 14 14
 14 14 14 14 14 14 14 14 14 14 14 14 17 14 14 14 14 14 14 14 14 14 14 14
 14 16 14 14 16 14 14 14 14 14 25 14 14 14 14 14 14 16  1 14 16 33 14 14
 14 14 16 14 14 15 14 31 14 14 14 14 14 14 11 14 16 14 16 14 24 14 14 14
 14 14 14 14 22 14 14 14 14 14 14 14 14 16 14 14 14 14 14 17 14 14 14 14
 14 14 14 14 14 14  0 14 16 14 14 14 14 16 14 16 14 14 14 14 14 14 16 17
 14 31 14 14 14 14 14 14 14 14 14 14 16 14 15 14 14 14 31 14 14 14 14 14
 14 14 31 14 14 14 14 31 14 14 31 14 14 14 14 14 14 14 14 14 14 31 14 31
 14 16 14 14 14 14 14 14 14 14 14 14 14 14  1 14 14 14 14 14 14 16 15 15
 15 15 23 17 15 17 15 15 15 15 15 15 15 15 15 15 15 15 15 15 15 15 15 15
 15 17 15 15 17 15 15 15 15 17 15 15 15 15 15 15 15 15 15 15 15 15 15 15
 15  6 15 15 15 15 15 15 15 15 17 15 15 15 24 15 15 15 15 15 13 15 15 15
 24 15 15 15 15 15 15 15 15 15 15 15 15 15 15 15 15 15 15 17 15 15 15 15
 15 15 17 15 15 15 15 15 15 15 15 17 15 15 15 15 15 19 15 15 15 15 17 15
 15 15 15 15 15 15 15 15 15 15 15 15 15 15 25 15 15 15 15 15 15 15 31 15
 15 15 15 15 15 15 15 15 15 17 15 23 15 15 15 15 15 15 15 15 15 15 15 15
 15 15 15 15 15 15 15 15 15 15 15 15 15 15 15 15 15 15 15 15 17 15 15 28
 15 15 15 15 15 15 15 25 15 18 15 15 15 17 15 15 15 15 23 15 15 15 15 15
 15 15 15 17 15 24 15 23 23 15 15 15 15 15 15 15 15 15 23 15 15 15 15 15
 15 15 15 15 15 15 15 15 15 15 15  6 15 15 15 15 15 15 15 15 15 15  6 15
 15 15 15 15 15 15 15 15 15 15 17 15 15 15 15 23 15 15 15 15 15 15  2 15
 15 15 15 15 15 15 15 15 15 15 15 15 15 15 17 15 15 15 15 17 23 15 15 15
 15 15 15 15 23 15 15 17 15 15 15 15 15 23 15 15 15 15 15 15 15 15 15 23
 15 15 15 15 15 15 15 15 15 15 15 15 15 15 15 15 15 15 15 15 15 15 15 15
 15 15 15 15 15 15 15 15 15 15 15 15 15 15 15 15 15 23 15 15 15 15 15 15
 15 15 15 15 15 15 15 15 15 15 15 15 15 15 15 15 15 15 15 15 15 15 15 15
 17 15 15 15 15 15 15 15 15 15 15 15 15 15 15 15 15 15 15 15 14 23 15 15
 15 15 15 15 15 15 15 15 31 15 15 15 15 15 15 15 15 15 23 15 15 15 15 15
 15 15 15 15 15 15 17 15 15 15 15 15 15 15 15 26 15 15 15 15 15 17 15  3
 15 15 15 15 15 15 15 15 13 15 15 14 15 15 15 15 15 17 15 25 15 15 23 15
 15 15 15 15 15 21 25 15 15 15 15 24 15 15 14 16 16 16 16 16 16 16 16 16
 16 16 16 16 16 16 16 16 16 16 16 16 16 16 16 16 16 16 16 16 16 16 16 16
 16 16 16 16 16 16 25 16 17 16 16 16 16 16 16 16 16 16 16 16 16 16 16 14
 16 16 16 16 16 16 16 16 16 16 16 16 16 16 16 16 16 16 16 16 16 16 16 16
 16 16 17 16 16 16 16 16 16 16 16 16 16 31 16 16 16 16 16 16 16 16 16 16
 14 16 16 16 16 16 16 16 16 16 16 16 16 16 16 16 16 16 16 16 16 16 16 16
 16 16 14 14 17 16 16 16 16 16 16 16 16 16 16 16 16 16 16 16 16 16 16 16
 16 16 16 16 16 16 16 16 14 16 16 16 16 16 16 16 15 16 16 16 16 16 16 16
 16 16 16 16 16 16 16 16 16 16 16 16 16 16 16 16 16 16 14 16 16 16 16 16
 14 16 16 16 16 11 16 16 16 16 16 16 16 16 16 16 16 16 16 16 16 16 16 16
 16 16 16 16 16 16 16 16 16 16 16 16 31 16 16 31 16 16 16 16 16 16 16 16
 16 14 16 16 16 16 26 17 16 16 14 16 16 16 16 16 14 16 16 16 16 16 14 16
 16 14 16 16 16 16 16 16 16 16 16 16 16 16 16 16 16 16 16 16 16 16 16 16
 16 16 16 16 16 16 16 16 25 16 16 16 16 16 16 16 16 16 16 16  6 16 16 16
 16 16 16 16 16 16 16 16 16 16 16 16 16 16 16 16 16 16 16 16 16 16 16 14
 16 16 16 16 16 16 16 16 16 11 16 16 14 16 16 14 16 14 16 16 16 16 14 16
 16 16 16 16 16 16 16 16 16 17 16 16 16 16 16 16 16 16 16 16 16 16 16 14
 16 17 16 16 16 16 16 17 16  1 16 14 16 16 16 16 16 16 16 16 16 14 16 16
 16 16 16 16 16 16 16 16 16 16 16 16 14 16 16 16 16 16 16 16 16 16 16 16
 16 14 16 16 16 16 16 16 16 14 16 16 16 16 16 16 16 16 17 16 16 16 14 16
 16 16 16 16 16 16 16 16 16 16 16 16 14 16 16 16 22 16 16 16 16 16 16 16
 16 16 16 16 16 16 16 16 16 16 16 16 16 16 16 16 16 17 16 16 16 16 16 16
 16 16 16 16 16 16 17 17 17 17 17 17 17 17 15 17 17 17 17 17 17 14 17 17
 17 17 17 17 17 15 15 17 17 17 15 17 17 17 17 17 17 17 17 17 23 17 17 14
 17 16 17 17 17 17 17 17 17 17 17 15 17 12 16 17 17 17 15 17 15 17 17 17
 17 12 17 17 16 15 17 17 17 17 17 16 17 11 17 17 16 17 17 17 17 17 17 17
 17 17 17 15 17 17 17 17 17 17 17 17 17 17 17 15 17 15 17 16 17 17 17 17
 23 16 16 17 17 17 16 17 17 17 17 17 17 17 17 15 17 17 17 17 17 17 17 17
 17 17 17 17 14 17 17 15 17 17 17 28 17 17 17 17 17 17 16 17 17 17 22 17
 17 17 17 17 17 17  4 17 17 17 17 17 17 17 17 17 17 17 17 17 17 15 17 17
 17 17 17 17 17 17 17 17 17 17 17 17 17 17 17 17 14 17 17 17 17 17 17 17
 17 17 17 17 17 17 14 17 17 17 17 17 17 17 17 17 17 17 17 17 17 15 17 17
 15 17 17 15 17 17 17 17 17 17 17 17 17 17 17 17 14 17 17 17 17 15 15 17
 14 17 17 17 15 17 23 15 17 17 17 17 22 17 17 15 14 17 17 17 17 17 17 17
 17 17 17 15 16 17 17 15 17 17 17 17 17 15 17 17 17 17 17 17 17 17 17 12
 22 17 17 15 15 17 17 17 17 17 17 16 16 17 17 15 17 15 17 17 17 17 17 22
 17 15 17 17 15 17 17 17 17 17 17 17 17 13 17 17 17 17 17 15 17 17 17 17
 17 17 17 17 17 17 15 17 17 17 23 17 17  6 17 14 12 17 17 17 17 17 17 17
 17 19 17 17 17 17 17 17 17 17 17 17 17 17 17 17 17 17 17 17 17 17 17 17
 17 17 17 15 17 17 17 17 17 17 17 17 17 17 17 17 17 17 17 17 17 16 17 14
 17 17 15 17 17 17 17 17 17 17 17 17 17 17 17 17 17 17 17 17 17 17 17 17
 17 17 17 17 14 17 17 17 15 17 17 17 17 17 17 17 17 17 17 17 17 15 17 17
 17 17 17 17 17 17 17 17 17 17 17 17 17 17 17 17 17 17 28 17 17 17 17 16
 17 16 15 17 17 17 17 17 15 17 17 17 17 17 17 17 17 17 17 17 17 15 18 18
 18 18 18 11 18 18 18 18 18 18 18 18 10 18 19 30 18 18 18 18 18 18 18 18
 18 18 18 18 18 34 18 35 18 18 18 34 18 18 18 18 18 18 18 19 34 18 18 18
 18 18 10 18 18 18 18 18 18 18 18 34 32 18 18 18  1 18 32 18 18 18 18 18
 18 11 18 18 18 10 18 18 18 18 19 34 18 18 18 18 18 18 18 19 18 18 34 18
 18 18 18 34 18 18  1 18 18 18 18 18 18 19 18 18 18 18 18 18 18 18 19 18
 18 18 18 18 18 18 18 18 18 18 18 18 18 18 18 31 18 19 18 18 18  8 18 19
 18 19 18 21 18 18 19 18 34 19 18 18 18 18 13 18 18 18 34 19 18 18 18 18
 18 18 18 18 18 18 18 34 18 12 18 21 18 18 18 18 18 18 18 18 19 18 18 18
 18 18 18 18 18 18 18 18 18 18 18 10 19 18 18 19 10 18 19 34 18 18 18 34
 10 18 18 11 18 18 18 18 18 18 18 18 18 18 18 18 18 18 18 18 18 18 18 18
 18 34 19 18 18 18 18 18 18 21 18 18 18 18 18 18 18 18 18 18 18 34 18 18
 34 19 18 19 18 18 18 18 18 34 19 18 18 18 18 18 18 18 18 18 11 18 34 18
 18 18 19 18 18 18 18 18 18 18 18 18 34 18 18 19 18 18 18 18 18 18 34 18
 18 18 18 18 18 18 18 18 19 18 18 32 18 18 34 18 18 18 18 18 18 18 18 18
  8 19 18 18 18 18 19 18 18 22 18 18 18 18 18 18 18 18 21 18 18 18 18 18
 18 18 18 18 18 18 18 18 18 18 18 18 18 18 18 18 18 18 18 18 18 18 18 18
 18 18 18 18 18 18 19 18 18 18 18 18 32 18 18 18 18 18 18 32 34 18  1 18
 18 18 18 18 18 18 18 18 18 19 18 18 34 18 19 19 10 18 32 18 18 18 18 18
 18 18 18 18 18 12 34 18 19 18 18 34 32 18 34 12 34 18 18 18 19 18 18 18
 30 34 19 18 18 18 18 18 18 18 18 18 18 18 22 18 18 34 18 18 18 18 18 18
 14 18 18 18 34 18 18 18 18 32 18 19 18 18 21 18 19 18 18 32 18 30 18 18
 18 18 18 18 18 18 18 18 18 18 18 10 19 19 19 10 19 19 19 18 19 18 19 19
 19 19 19 34 19 19 19 19 19 19 19 19 19 19 34 19 15 19 19 19 19 19 18 19
 34 19 15 18 19 18 19 19 19 19 19 18 19 19 23 18 19 19 19 19 19 13 19 19
 19 18 19 19 19 10 19 21 19 18 19 19 19 19 18 19 19 19 18 19  3 19 19 19
 19 19 19 18 13 19 19 19 18 19 19 19 19 19 19 19 19 19 19 18 19 19 32 18
 34 19 19 19 19 10 12 19 19 18 34 19 18 19 19 19 19 19 19 18 19 19 19 18
 19 18 19 18 10 19 19 19 18 19 19 18 19 19 10 13 19 19 19 19 19 19 19 19
 18 19 19 19 18 19 19 19 19 19 18 19 19 19 12 32 19 19 19 19 19 19 19 19
 34 18 19 19 19 19 19 34 18 19 19 19 19 19 34 19 19 19 19 19 18 18 19 19
 19 13 19 18 19 19 19 19 19 19 32 19 19 19 19 19 19 19 13 19 19 19 19 19
 19 19 18 19 19 19 19 19 19 19 19 32 19 19 18 19 19 19 19 19 19 19 19 19
 19 19 19 18 19 19 19 19 18 19 18 19 19 19 19 32 19 19 19 19 19 12 19 25
 18 19 19 18 19 19 19 19 19 19 19 19 19 19 31 18 19 19 18 19 19 18 19 19
 19 34 19 19 19 18 19 19 19  6 18 31 19  3 19 19 19 19 19 19 19 18 19 19
 19 19 19 19 19 19 19 19 19 19 19 19 19 19 19 19 19 19 19 18 19 19 19 18
 19 19 19 19 19 12 19 18 19 19 19 19 19 19 19 19  4 19 19 12 19 19 32 19
 19 19 19 19 32 12 19 19 19 13 19 19 19 19 19 19 19 18 19 19 19 19 12 19
 19 19 19 19 19 19 21 19 19 19 18 13 12 19 19 19 19 19 19 19 19 19 19 18
 21 19 19 19 18 19 19 19 19 19 19 19 32 19 19 18 34 18 19 18 19 18 19 19
 19 31 19 34 18 18 19 19 19 19 19 19 19 19 19 19 31 19 19 19 19 34 19 19
 19 19 19 19 19 19 19 19 19 19 19 19 19 20 20  5 20 21 20 20 20 20 20 20
 35 20 20 21  5 20 35 20 20 19 20 20  5 20 20 20 20 21  5 20 20 20 20 20
 20 20 20 20  5 20 20 20 20 20 20 20 20 20 20 20 20 20 20  5 20 20 20 20
 20 20 20 20 20 20 20 20 20 20 20 20 21 20 20 20 20 20 20 20 20  5 20 20
  5 20 20 20 20 20 20 20 20 20 20 20 20 20 20 20 20 20 20 20 20 20 20 20
 20 20 20 20 20  5 21 20 20 35 20 20 20 20 20 20 20 20 20 20 20 20 28 20
 20 20 20 20 20 20 20 20 20 20 20 20 20 20 20 20 20 20  5 20 20 20 21 20
 20 20 20 20 20 20 20 20 20 20 20 20 20 35 20 20  5 20 20 20 20 20 20 20
 25 20 20 20 20 20 20 20 20 20 20 20 20 20 20 20 20 20 20 20 20 20 20  5
 21 20 20 20 20 20 20  5 20 20 20 20 20 20 20  5 20 20 20 20 20 20 20 20
 20 20  5 20  5 20 20 20 20 20 20 20 20 20 20 21  5  6 20 20 20 20 20  3
 20 20 20 20 20  5 20 20 20 20 20 20 20 20 20 20 25 20 20 20 20 20 20 20
 21 20 20 20 20  5 20 20  6 20 20 20 20 20 20 20 20 20 20 20 20 20 20 20
 20 20 21 20 20 20 20 20  5 20 20 20 20 20 20 20 20 20  5  5 20 20 20 20
 20 20 20 20 20 20 20 20 20 20 20 20 20 20  8  5 20 20 20 21 20 20 20 20
  5 27 20 20 20 20 20 20 20 20 20 20 20 35 20 20 20 20 20 20 20 20 20 21
 20 20 20 20 20 20 20 20 20 20 20 20 21 20 20 20 20  5 25 20 20 20  5  4
 20 20 20 20 20 20 20 20 20 20 20 20 20  5 20 21 35 15 20 20 20 20 20 20
 20 20 20 20  5 20 21 20 20 20 20 20 20 20 20 20 20 20 20 20 20 20  5  5
 20 28 20 20 20 20 28 20 20 20  0 20 20 20  0 20 20  5 20 20 20 20 20 20
 20 20 20 20 20 20 20 20 20 20 20 20 20 20 20 20 20 25 20 20 20 20 20 20
 20 20 20 19 20 20 20 20 20 20 20 20 20 20 20 20 20 20 20 20 21 20 20 20
 20 20 27 20 20 21 21 21 21 21 21 20 21 21 21  8 21 21 21 21 21 21 21 21
 21 21 21 21 21 21 21  8 21 20 21 21 21 21 21 21 21 23 21 21 21 21 21 21
  5 21 21 21 21 21 21 21 20 21 21 21 21 21 21 21 21 21 21 21 21 21 20 21
 21 21 21 20 21 21 21 21 21 21 21 21 21 21 21 21 21 21 21 21 21 21 21 21
 21 21 20 21 21 21 21 21 21 21 21 21 21 21 21 21 21 21 21 21 20 21 21 21
 21 21 20 21 20 21 21 21 21 20 21 21 21 21 20 21 21 21 21 21 21 21 21 21
 21 21 21  8 21 21 21 21 21 21 21 21 21 21 21 21 21 21 21 21 21 21 21 21
 21 21  8 21 21 21 21 20 20 21 21 21 21 21 21 21 21 21 21 21 21 20 25 21
 21 21 21 21 21 21 21 21 21 21 21 21 21 21 21 21 21 21 21 21 20 20 20 21
 15 21 21 21 21 21 21 21  6 21 21 20 21 21  2 21 21 20 21 21 21 21 21 20
 21 20 21 20 21 21 21 21 21 21 21 21 21 21 21 21 21 21 21 21 21 21 21  8
 21 21 21 21 21 21 21 21 20 21 21 21 21 21 21 21 21 21 18 21 21 21 21 21
 21 21 21 21 21 21 21 21 21 21 21 21 21 21 21 21 21 21 21 21 21 21 21 21
 21 21 21 21 21 35 21 21 21 21 21 21 21 21 21 20 21 21 21 21 21 21  8 21
 21 21 21 21 21 20 21 21 21 21  0 21 21 21 21 21 21 21 21 21 21 21  8 21
 21 21  6 21 21 21 21 21 21 21 25 21 21 21 21 25 21 21 21 21 21 21 21 21
 21 21 20 21 21 21 21  0 21 21 21 21 21 21 21  5 21 21  8 21 21 21 21 21
 21 21 21 21 21 21 21 21 21 21 21 21 21  8 21 21 21 21 21 21 20 21 21 21
 21 21 21 21 21 21 21 21 21 21 25 21 21 21 21 20 21  5 21 21 21 21 21 35
  8 21 21 18 21 21 21 21 21 21 21 21 21 21 21 21 21 21 20 21 21 20  8 21
 21  5 21 21 21 21 21 21 21 21 21 21 21 21 21 21 21 21 21 21 21 21 21 21
 21 21 21  8 21 21 21 21 21 21 21 20  8 21 21 21 21 21 21 21 20 12 22 22
 22 22 11 22 22 22 23 22 22 22 22 22 32 22 32 22 22 22  4  3 23 22 22 22
 22 22 22 22 22 22 22 22 10 22  3 22 22 22 22 22 22 22 22 22 22 22 22 22
 22 10 10 22 15 22 22 22 22 22 22 22 22 28 22 22 22 22 22 22 22 22 22 22
 22  4 22 22 22 22 22 22 22 22 22 22 22 22 22 22 22 22 22 22 10 22 22 22
 22 16  4 22 22 22 22 22 22 22 22 22 22 22 22 22 22 17 12 22 32 22 22 22
 22 22 22 22 22 23 22 22 22 22 22 22 22 22 22 22 22 17 22 22 22 22 22 22
 22 28 22 22 22 22 10 22 10 22 22 22 22 12 22 17 22 22 22 22 22 22 22 22
 22 22 22 22 22 22 22 22 22 22 22 10 22 12 22 22  3 22 22 22 22 22  3 17
 28 12 22 22 22 22 22 22 22 22 22 22 22 22 22 22 22 22 12 22 22 22 22 16
 28 22 22 22 22  4 22 28 22 22 22 22 22 18 22 22 22 22 22 22 22 22 22 22
 22 10 22 22 22 22 22 22 22 22 22 12 22 22 22 22 22 22 22 22 22 28 22 22
 22 22 22 22 22 22 22 22 17 12 22 12 22 22 22 22 22 22 22 22 22 22 22 12
 22 22 22 12 22 22 22 22 22 22 22 22  4 22 22 22 22 22 22 22 22 22  4 22
 22 22 22 22  3 22 22 10 17 22 22 22 28 22 22 22 22 22 22 12 22 22 22 22
 22 22 22 22 22 22 22 22 22 22 22 22 22 22 22 22 22 12 22 22 28 22 22 22
 22 22 22 22 22 22 22 22 22 22 22 22 22 22 22 22 22 22 23 22  3 22 22 22
 22 22 22 22 22 22 12 22 22 22 22 22 22 22 22 22 22 22 22 22 22 22 22 22
 22  9 22 22 22 12 28 22 22 22 22 22 22 22 22 22 22 22 22 22 22  3 22 22
 22 22 22 22 22  3 10 22 22 22 22 22 22 22 22 22 23 22 22 22 22 22 22 10
 22 22 22 22 16 32 22 22 22  4 22 10 18 22 22 22 22 22 22 22 22  4 22 22
 22 22 22 22 22 22 23 22 22  9 22 22 22 22 22 22 22  3  4 22 22 22 22 22
 22 22 22 22 22 22 12 22 22 22 22 22 23 23 23 23 23 23 23 23 23 23  6 23
 23 23 23 22 23 15 23 23 23 23 23 23 23 10 23 23 23 23 23 23 15 23 23 28
 23 23 23 23 23 23 23 23 31 23 23 23 23 23 23 23 23 23  3 30 23 23 23 23
 15 23 23 23 23 23 23 23 23 15 28 23 23 23 25 23 23 23 22 23 23 23 31 23
 23  3 23 23 23 15 23 31 23 23 23 23 23 23 23 23 23 23 28 23 23 23 23 23
 23 23 23 23 12 23 17 22 23 23 23 23 23 23 23 23 23 23 23 23 23 23 23 23
 23 23 23 23 23 23 23 23 26 23 23 23 23 23 23 23 23 23 23 23 23 23 25 23
 23 15 23 23 23 20 23 23 23 23 23 23 23 23 23 23 23 23 25 23 23 23 22 23
 23 23 23 23 23 23 23 23 23 23 15 23 23 23 23 23 23 23 23 23 23 23 23 23
 15 23 23 23 23 28 23 23 23 23 23 23 23 23 23 23 23 23 28 23 23  6 23 23
 23 23 23 23 23 23 23 22 23 15 23 23 23 23 23 23 23 23  3 23 23 23 15 23
 23 15 23 23 15 15 23 23 23 23 23 23 23 23 23 22 23 23 23 23 23 23 23 22
 23 23 23 23 23 31 22 28 23 23 23 23 23 23 23 23 23 23 23 10 23 23 23 23
 26 23 23 23 23 23 23 23 23 23 23 23 23 23 23 23 22 23 23 23 23  6 23 23
 23 31 23 23 23 23 23 23 23 23 23 23 30 23 23 23 23 23 23 23 23 23 23 23
 23 23 23 23 15 23 23 23 23 15 23 26 23 23 23 23 23 23 23 23 23 23 23 23
 23 23 28 15 23 12 23 23 23 23 12 23 23 23 23 23 23 23 23 23 23 23 23 23
 23 23 31 23 23 23 23 23 23 23 23 23 23 23 23 23 22 23 23 23 23 23 31 23
 22 23 23 23 23 23 23 23 23 23 23 23 23 23 23 23 23 23 23 23 15 23 23 23
 23 23 23 31 23 23 23  6 23 23 23 23 28 23 23 23 23 23 23 23 23 23 23 23
 23 23 23 23 23 23 23 23 23 23 23 23 23 23 23 23 23 23 23 23 23 23 23 23
 23 23 31 23 23 23 31 23 23 23 23 12 23 28 26 23 23 23 23 23 23  6 23 23
 15 23 23 24 24 24 24 25 33 24 24 24 25 24 25 24 24 24 24 24 24 24 24 11
 24 24 24 24 24 24 24 24 25 24 25 24 24 24 24 24 25 24 31 24 24 24 24 24
 24 25 24 19 24 24 31 31 24 24 24 25 24  4 24 24 24 24 24 24 24 24 24 24
 24 24 24 25 24 24 24 24 24 24 24 24 24 24 24 25 24 24 24 24 24 24 24 24
 24 25 24 24 24 24 24 24 24 24 25 24 25 24 24 24 25 24 24 24 24 24 24 24
 24  5 24 24  4 25 24 32 24 24 24 24 25 25 24 24 24 24 24 25 25 24 25 24
 24 24 24 24 25 25 22 24 24 24 24 24 25 24 25 24 24 25 24 24 25 24 24 24
 24 24 24 24 24 24 24 24 24 25 25 24 24 24 24 25 25 24 24 24 24 24 25 25
 24 31 25 24 25 24 24 31 25 31 24 24 24 24 24 25 24 24 24 24 13 24 24 22
 24 25 24 24 24 24 24 25 24 24 24 25 24 25 24 25 24 24 24 24 25 25 24 24
 24 25 24 24 24 24 24 24 25 24 24 24 24 25 24 13 24 25 24 24 24 24 24 25
 25 24 24 24 24 24 24 24 24 24 24 24 24 24 24 25 24 25 24 24 24 25 24 24
 13  4 24 24 25 24 24 24 24 25 24 24 24 24 24 24 24 24 19 24 25 24 24 24
 24 24 24 24 24 24 24 24 24 21 24 24 24 24 24 24 24 25 24 24 24 16 24 24
 24 24 24 25 24 24 24 24 24 24 24 24 24 25 24 24 24 25 32 24 24 25 25 25
 24 25 24 24 24 24 24 24 24 24 24 24 22 24 24 24 24 25 24 24 24 24 24 25
 25 24 24 24 24 11 24 24 25 24 25 25 25 24 24 24 24 24 26 24 31 24 24 24
 24 25 25 19 24 24 24 24 24 25 24 24 25 24 24 24 24 24 24 24 24 24 24 24
 24 24 24 24 24 24 24 24 32 24 24 24 14 24 25 24 24 15 24 24 24 24 24 25
 24 24 24 24 24 24 24 24 16 24 24 24 24 24 32 24 24 24 25 25 24 24 11 31
 26 24 24 24 24 24 24 24 24 24 24 24 24 25 24 31 25 24 24 25 25 25 24 24
 24 25 25 25 24 31 24 24 24 24 25 24 24 24 24 25 24 24 24 25 25 25 25 25
 13 24 25 25 25 25 25 25 25 25 25 25 26 25 25 25 25 25 25 25 25 25 25 25
 25 25 25 25 25 13 25 25 25 25 25 25 25 25 32 25 25 25 25 25 25 25 25 25
 25 24 31 25 22 25 25 25 25 24 25 25 25 25 25 25 25 25 25 25 25 25 25 25
 25 25 25 25 25 25 25 25 25 25 24 25 25 25 25 24 25 25 25 25 24 25 25 25
 24 25 25 12 25 25 24 25 25 25 25 25 25 25 25 25 25 25 25 25 25 25 25 25
 24 25 25 25 25 13 25 25 31 25 32 25 25 25 25 25 25 25 25 24 25 13 25 25
 25 25 25 25 25 25 25 25 25 25 25 25 25 25 25 25 25 25 25 25 25 25 25  3
 31 25 25 25 25 25 25 25 25 25 25 19 24 25 25 25 25 25 25 25 24 25 25 25
 25 25 25 25 25 25 25 24 25 25 25 15 25 25 31 25 22 25 25 25 24 25 25 25
 25 25 25 25 25 25 25 25 25 25 25 25 24 25 25 25 15 25 25 25 13 25 25 25
 25 25 25 25 24 24 25 25 25 25 25 25 25 25 25 25 25 25 25 25 25 25 25 13
 25 15 25 25 25 25 25  5 25 25 25 25 25 25 25 25 13 25 25 25 25 32 25 25
 25 25 25 25 25 25 25 25 25 25 14 25 25 25 25 25 25 25 25 24 25 25 25 25
 25 25 25 25 25 25 15 25 25 25 25 25 19 25 25 21 25 25 25 25 25 25 25 25
 24 25 25 25 32  5 25 25 25 25 25 25 25 25 25 24 25 25 25 25 25 24 25 25
 25 25 25 25 25 25 13 25 25 25 25 25 29 25 24 24 24 25 24 25 25 25 25 25
 25 25 25 25 25 25  4 25 25 25 25 24 25 25 25 25 25 25 25 25 25 25 25 25
 25 25 25 25 25 25 23 25 25 15 25 25 25 25 24 25 31 25 25  5 25 25 25 25
 25 24 25 25 25 25 25 19 25 25 25 25 25 25 25 25 25 32 25 25 25 25 25 25
 25  4 24 25 25  5 21 25 25 25 13 25 25 25 25 25 25 25 25 25 25 25 25 25
 25 25  5 25 25  3 15 25 25 25 25 25 25 25 25 25 25 25 25 25 24 25 25 25
 25 15 25 25 25 25 25 25 24 25 25 26 26 26 26 26 26 26 26 26 26 26 26 26
 22 26 26 26 26  4 26 26 26 26 26 26 26 26 26 26 26 26 26 26 26 26 26 26
 26 26 26 26 26 26 26 26 26 26 26 28 26 26 26 26 26 26 26 26 28 26 26 26
 26 26 26 23 26 26 26 26 26 28 26 26 26 26 26 26 26 26 26 26 26 28 28 26
 26 26 26 26 26 26 26 21 26 26 26 26 26 26 26 26 26 26 26 30 26 26 26 26
 26 28 26 26 26 26 26 26 26 26 26 26 26 28 26 26 26 26 26  6 26 26 26 26
 26 26 26 30 19 26 26 26 26 26 26 11 26 26 26 26 26 26 26 26 26 28 26 26
 26 26 26 28 26 26 26 26 26 26 19 26 26 26 26 26 26 26 26 26 26 26 26 26
 26 26 28 26 26 26 26 26 26 26 26 26 26 26 26 30 26 26 28 26 30 26 26 21
 26 26 30 26 26 26 26 26 30 26 26 26 26 26 26 26 26 26 26 26 26 26 26 26
 28 26 28 26 23 26 28 26 26 26 26 26 28 30 26 26 26 26 11 26 26 26 28 26
 26 26 28 28 26 26 26 26 26 26 26 26 26 26 26 26 26 26 26 28 26 26 26 26
 26 26 26 26 26 26 26 26 11 26 26 26 26 26 26 26 26 15 26 26 26 26 26 26
 28 26 26 26 26 26 26 28 26 26 26 26 26 26 23 26 26 26 26 26 26 26 26 23
 28 15 28 26 26 26 17 26 19 26 26 26 26 26 26 26 23 26 26 26 26 26 26 26
 26 26 26 26 26 26 26 28 26 26 26 28 26 26 26 26 28 30 26 26 26 26 26 26
 26 26 26 17 26 26 26 26 26 26 26 31 26 26 26 28 26 26 26 26 26 26 26 26
 26 26 26 26 26 26 26 26 26 26 26 26 26 26 26 28 28 26 26 26 26 26 26 26
 26 26 26 26 28 26 26 26 26 26 26 26 30 26 26 26 26 26 26 26 26 26 26 26
 28 32 26 28 26 26 22 26 26 26 26 26 26 26 26 26 26 26 26 26 26 26 26 26
 22 26 26 26 26 26 26 26 26 28 26 26 26 26 26 26 26 26 26 26 26 26 26 26
 26 26 26 26 26 26 26 26 26 26 26 26 26 26 28 26 26 22 28 26 26 26 26 26
 28 26 26 27 27 33 27 27 27 27 27 27 27 27 27 27 27 27 27 27 27 27 27 27
 27 27 27 27 27 27 27 27 27 27 27 27 27 27 27 27 27 27 27 27 27 27 27 27
 27 27 27 27 27 27 27 27 27 27 27 27 27 27 27 27 27 27 27 27 27 27 27 27
 27 27 27 27 27 27 27 25 27  1 27 27 27 27 27 27 27 27 27 27 27 27 27 27
 27  1 27 27 27 27 27 27 27 27 27 27 27 27 27 27 27 27 27 27 27 27 27 27
 27 27 27 27 27 27 27 27 27 27 27 27 27 27 27 27 27  1 27 27 27 27 27 27
 27 27 27 27 27 27 27 27 27 27 13 27 27 27 27 27 27 27 27 27 27 27 27 27
 27  2 27 27 27 27 27 27 27 27 27 27 27 27 27 27 27 27 27 27 27 27 27 27
 27 27 27 27 27 27 27 27 27 27 27 27 27 27 27 27 27 27 27 27 27 27 27 27
 27 27 27 13 27 27 27 27 27 27 27 27 27 27 27 27 27 27 27 27 27 27 27 27
 27 27 27 27 27 27 27 27 27 27 27  2 27 27 27 27 27 27 27 27 27 27 27 27
 27 27 27 27 27 27 27 27 27 27 27 27 27 27 27 27 27 27  5 27 27 27 27 27
 27 27 27 27 27 27 27 27 27 27 27 27 27 27 27 27 27 27 27 27 27 27 27 27
 27 27 27 27 27 27 27 27 27 27 27 27 27 27 27 27  0 27 27 27 27 27 27 27
 27 27 27 27 27 27 27 27 27 27 27 27 27 27  0 27 27 27 27 27 27 27 27 27
 25 27 27 27 27 27 27 27 27 27 27 27  5 27 27 27 27 27 27 27 27 30 27 27
 27 27 27 33 27 27 27 27 27 27 27 27 27 27 27 27 27 27 27 27 27 27 27 27
 27 27 27 27 27 27 27 27 27 27 27 27 27 27 27 33 27 27 27 27 27 27 27 27
 27 27 27 27 27 27 27 27 27 27 27 27 27 27 27 27 27 27 27 27 27 27 27 27
 27 27 27 27 27 27 27 27 27 27 27 27 27 27 27 27 27 27 27 27 27 27 27 27
 27 27 27 27 27 27 27 27 27 27 27 27 27 27 27 27 27 27 27 27 27 27 27 27
 27 27 27 27 27 27 27 27 27 27 27 27 27 27 27  2 27 27 27 28 28 28 28 28
 28 28 28 28 28 28 28 16 28 28 28 28 22 28 28 28 28 19 28 28 28 28 28 28
 28 28 28 28 28 28 28 28 28 28 28 28 28 28 28 28 28 28 30 28 28 28 28 28
 28 28 28 22 28 28 28 28 28 28 28 28 28 28 28 28 28 23 28 31 28  3 28 28
 28  1 28 22 28 28 28 28 28 28 28 28 28 28 28 28 28 28 28 28 28 28 28 28
 28 28 28 28  3 28 28  3 28 28 28 28 28 28 28 28 28 28 28 28 28 28 28 31
 28 28 28 28 28 28 28 28 28 28  3 28 28 31 28 28 28 28 28 28 23 28 28 28
 28 28 28 28 28 28 28 28 28 28 23 28 28 28 28 22 28 28 28 21 28 28 28 23
 28 28 28 28 28 28 28 28 28 28 28 22 28 28 28 28 28 28 28 28 28 28 28 28
 28 28 28 28 28 28 28 28 28 28 28 28 28 28 28 28 28 28 28 28 28 28 28 28
 28 28 28 28 28 28 28 28 28 28 28 28 28 28 28 28 28 28 28 28 28 28 28 28
 28 28 28 28 28 28 28 28 28 28 28 28 28 28 28 28 28 28 28 26 28 28 28 28
 28 28 28 28 28 28 28 30 28 28 28 28 28 28 28 28 28 28 28 28 28 22 28 28
 28 28 28 28 28 28 28 28 28 28 28 28 28 28 28 28 28 30 28 28 22 28 28 28
 28 28 28  3 28 28 28 28 14 28 28 28 28 28 28 28 28 28 28 28 28 28 31 28
 28 28 28 28 28 28 28 28 28 28 28 28 28 28 28 28 28 28 28 28 28 28 28 28
 28 28 10 28 28 28 28 28 28  3 28 28 28 28 28 28 28 28 28  3 28 28 28 28
 28 28 28 28 28 28 22 28 28  3 28 28 28 28 28 28 28 28 28 28 28 28 28 26
 30 28 28 28 28 28 30 28 28 28 28 28 28 28 32 28 28 28 28 26 28 28 28 28
 28 28 28 28 28 28 28 28 28 28 28 28 28 28 28 28 28 28 28 28 28 28 28 28
 28 28 28 28 28 28 28 28 28 28 28 28 28 28 28 28 28 28  4 28 28 28 28 28
 28 28 28 28 28 28 28 28 28 30 28 28 28 28 28 28 28 28 28 28 28 31 28 28
 28 28 28 28 28 28 28 28 28 28 28 29 29 29 29 29 29 29 29 29 29 29 29 29
 29 29 29 29 29 29  0 29 29 29 29 29 29 29 29 29 29 29 29 29 29 29 29 29
 29 29 29 29 29 29 29 29 29 29 29 29 29 29 29 29 29 29 29 29 29 29 29 29
 29 29 29 29 29 32 29 29 29 29 29 29 29 29 29 29 29 29 29 29 29 29 29 29
 29 29 29 29 29 29 29 29 29 29 29 29 29 29 29 29 29 29 29  0 29 29 29 29
 29 29 29 29 29 29 29 29 29 29 29 29 11 29 29 29 29 29 29 29 29 29 11 29
 29 29 29 29 29 29 29 13 29 29 29 29 29 29 29 29 29 29  0 29 29 11 29 29
 29 29 29 29 29 29 29 29 29 29 29 29 29 29 29 29 29 29 29 29 29 29 29 29
 29 29 29 29 29 29 29 29 29 29 29 29 29 29 29 29 29 29 29 29 29 29 29 29
 29 29 29 29 11 29 29 29 29 29 29 29 29 29 29 29  0 29 29 29 29 29 29 29
 29 29 29 29 29 29 29 29 34 29 29 29 29 29 29 29 29 29 29 29 29 29 29 29
 29 29 29 29 29 29 29 29 29 29 29 29 29 29 29 29 11 29 29 29 29 29 29 29
 29 29 29 29 29 29 29 29 29 29 29 29 29 29 29 29 29 29 29 29 29 29 29 29
 34 29 29 29 29 29 29 29 29 29 29 29 29 29 13 34 29 29 29 29 29 29 29 29
 29 29 29 29 29 29 13 29 29 29 29 29 29 29 29 29 29 29 29 29 29 29 29 29
 29 29 29 30 29 29 29 29 29 29 29 29 29 29 29 29 29 29 29 29 29 29 29 29
 29 29 29 29 29 29 29 29 29 29 29 29 29  0 29 29 29 29 29 29 29 29 29 29
 29 29 29 29 29 29 29 29 29 29 29 29 29 29 34 29 29 29 29 29 29 29 29 29
 29 29 29 29 29 29 29 29 29 29 29 29 29 29 29 29 29 29 29 29 29 29 29 29
 10 29 29 29 29 29 29 29 34 29 29 29 29 29 29 29 29 29 11 29 29 29 19 29
  0 29 29 29 29 29 29 13 27 29 29 29 29 29 29 29 29 29 29 29 29 29 29  6
 29 29 29 29 29 29 29 29 29 29 29 29 29 29 29 29 29 29 29 29 29 29 29 29
 29 29  0 30 30 30 30 30 30 30 30 30 30 30 30 30 30 30 30 30 30 30  0 30
 30 30 30 30 30 30 30 30 30 30 30 30 30 30 30 30 30 30 30 30 30 30 30 30
 30 30 30  0 30 19 30 30 30 30 30 30 30 30 30 30 30 30 30 30 30 30 30 30
 30 30 30 30 30 30 30 30 30 30 30 30 30 30 30 30 30 30 30 30 30 30 30 30
 30 30 30 30 30 30 30 30 30 30 30 30 30 30 31 30 30 30 30 30 30 28 30 30
 30 30 30 29 30 30 30 30 30 30 30 30 30 30 30 30 30 30 30 30 30 30 30 30
 30 30 30 30 30 30 30 30 30 30 30 30 30 30 30 30 30 31 30 30 30 30 30 30
 30 30 31 30 30 30 30 30 30 30 30 30 30  9 30 30 31 30 30 30 30 30 30 30
 30 30 30 28 30 30 30 30 30 30 30 30 30 30 26 30 30 30 30 30 27 30 30 30
 30 30 28 30 30 30 28 30 30 30 30 30 30 30 30 30 30 30 31 28 30 30 30 30
 30 30  0 30 28 30 30 29 30 30 30 30 30 30 30 30 30 30 30 30 30 30 30 30
 30 30 30 30 30 30 30 30 30 30  0 30 30 30 30 30 30 30 30 30 30 28 30 30
 30 30 30  6 30 30 30 30 30 30 34 30 30 30 30 30 28 30 30 30 30 30 30 30
 30 30 30 30 30 30 30  5  0 30 30 30 30 30 30 30 30 30 30 28 30 30 30 30
 30 30 30 30 30 30 30 30 30 30 30 30 30 30 30 30 30 30 30 30 30 30 30  5
 30 30 30 30 30 28 30 30 30 30 30  0 30  4 30 30 28 30 30 30 30 30 30 30
  0 30 30 30 30 30 30  0 30 30 30 30 30 28 30 30 30 30 30 30 30 30 30 30
 28 30 30 30 30 30 30 30 30 30 30 30 30 30 30 28 30 30 30 30 30 31 30 30
 30 30 30 30 30 30 30 30 30 30 30 30 30 30 30 30  0 30 30 30 30 30 31 18
 30 30 30 30 30 30 30 30 30 30 30 30 30 30 28 30 30 30 30 30 30 30 30 30
 30 30 30 30 34 31 30 30 28 28 30 30 30 30 30 30 30 30 30 30 30 30 30 30
 30  6 30 28 30 30 30 28 30 30 30 30 30 30 30 30 30 30 30 31 31 31 31 31
 31 31 31 28 26 31 31 31 31 31 23 28 31 31 31 31 31 28 31 31 31 31 28 31
 31 31 19 31 31 31 31 31 31 31 31 31 31 31 31 31 23 31 19 31 31 23 31 31
 31 31 23 30 31 31 31 31 31 31 31 15 31 31 31 31 31 31 31 31 31  6 31 31
 31 31 31 31 31 31 31 31 31 31 31 31 31 31 31 31 31 31 31 31 31 31 31 23
 31 31 31  6 31 31 31 31 31 31 31 31 31 31 31 31 31 31 31 31 31 31 31 31
 31 31 31 31 31 31 30 31 31 31 31 31 31 31 31 31 31 31 31 28 31 31 31 31
 31 31 31 31 31 31  6 31 31 31  6 28 31 31 31 31 31 31 31 31 31 31 31 31
 31 31 30 31 31 31 14 31 14 31 31 31 31 31 23 31 17 31 31 31 31 31 31 31
 31 31 31 31 31 31 31 31 31 31 31 31 31 31 31 31 31 31 14 31 31 31 31 31
 31 31 31 31 31 31 31 15 31 31 31 31 31 31 31 23 31 31 31 31 31 31 28 31
 16 30 31 31 31 31 31 31 31 30 31 31 31 31 31 26 31 28 31 31 31 31 31 31
 31 28 31 31 28  6 31 31 15 31 31 31 15 31 31 31 28 31 31 31 31 31 31 28
 31 31  6 31 31 31 31 31 16 31 31 31 31 31 31 14 31 31 31 31 28 31 31 16
 31 31 30 20 23 31 31 31 31 31 31 31 31 31 31 31 31 31 31 31 31 31 31 28
 31 31 31 31 31 31 31 31 31 31 31 31 31  4 31 31 31 31 30 31 31 31 31 31
 31 23 20 31 31 31 31 31 26 31 31 31 31 31 31  5 31 14 28 31 31 31 31 31
 30 25 31 31 31 31 31 31 28 23  5 31 31 31 31 31 31 31 28 31 31 31 16 31
 31 31 31 31 31 31 31 16 31 31 31 31 31 31 31 31 31 31 31 31 31 31 31 31
 31 31 31 31  6 31 31 31 31 31 31 31 31 31 31 31 31 31 14 31  5 14 31 31
 31 31 31 31 19 31 31 31 31 31 31 31 31 31 31 31 31 31 31 14 31 31 31 31
 31 31 31 31 30 31 31 15 31 31 31 31 30 31 31 31 31 31 31 31 31 31 31 31
 31 31 31 28 31 31 28 31 31 31 31 32 32 32  3 22 32  0 32 32 32 32 25 32
 32 32 32 32 10 32 32 32 32 32 32 32  0 32 32 32 32 32 32 32 32 32 32 32
 32  4 32 32 32  4 32 32 32 32 32 32 32 32 15 10 32 32 32 32 32 32 32 32
 32 32 32 32 32 32 32 32 32 20 32 32 32 32  4 32  4  9 32 32 32 32 32 32
  4 32 32 32  0 32 32  4 32 32 32 32 32  4  0 25 32 32 32  4 32 13 32 32
 32 22 24 32  4  4 32  4 32 32 32 32  4  4 32 32 32 25 32 32 32 32 32 32
 32 32 32 32 32 10 32 32 32 32 32 32 32 32 32 32 32 32 32 32 32 32 32  4
 32 32 32 32 32 32 32  4 32 32  4 32 32 32 32 32 32 24 32 32 32 32 32 32
 32 32 32 32 32 32  4 32 32 32 19 32 32 21 32 32  4  4 32 32 32 32 32 32
 32 32 32 32 32 32 32  4 32 32 23 24 32 32 32 32 32 32 32 32 32 32 32 32
 32 32 32 32 32 32 32  4 32 32 10 21 32 32 32 32  4 32 32 32 10 32 32 32
 32 32 32 32 32 32 32 32 32 32 32 32 32 32 32 32 32 32  4 32 28 21 32 32
 32 32 32 32 32 32 32 32 32 32 32 32 32 32 32 32 32 32 28 32 32  4 32 32
  2 32 32 32 32 32 32 32 32 32 32 32 32 32 15 32 32 32 32 32 32 32 32 32
 22 32 32 32 32 32 32 32 32 24 32 32 18 32 32 32  0 32 32 32 32 32 32 32
 32 32 32 32 10 32 32 32 32 32 32 32 20 32 32 32 32 32 32 32 32  4 32 32
 32 32 32  4 32 32 32 32 32 32 32 32 32 32 32 32 32 32 32 32 32  3 32 32
 32 32 32 32  6 32  4 32 32 32 32 32 32 32 32 32 32 32 32  4 32 32 32 32
 32 32 32 32 32 32 32 32 32 32 32 32 32 32 32  4 32 24  0 32  4 25 32 32
 22 32 13 32 32 32 32 32 32 32 32 32 32 32 32 32 32  4 32 32 32 32 32 35
  2 32 32  4 32 32 32 32 32 32  4 32 32 32 32 32 32 32 32 32 32 32 32 32
 32 32 32 32 32 32 32 32 32 32 32  4 32 32 27 27 33 33 27  1 33 33 33 33
 33  0 33 33 33 33 33 33 27 33  2 33 13 27 33 33 33 33 33 33 33  2 33 33
 33 33 33 27  2 27 33 33  6 33 33  2 33 33 33 33 33 33 33 33 33 33  2 33
 33 33 33  2 33 33  1 33 33  0 33  2 33 33 33 33 33  2  2 33 33 33 33 33
 33 33 33  2 33 33  2  2 33  0 33 33 33 33 33 33  2 33 31 33 33 33 33 33
  2 33 33 33 27 33 33 33 33 33  2 33 33 33 33 27 33 33 33 33 33 33 33  2
  1 33 33 33 33  2 33 33 33 27 33 33 33 25 33 33 33 33 33 33  0 27 33 27
 33  2 33 33 33 33 33 34 34 34 34 34 34 34 34 34 34 19 34 34 34 34 34 34
 34 34 34 34 34 29 34 34 19 34 34 34 34 34 34 34 34 34 34 34 34 18 34 34
 34 34 34 34 34 19 34 34 34 34 34 34 34 34 18 34 34 34 34 34 34 34 18 34
 34 34 34 34 34 34 34 34 34 34 34 34 18 34 34 34 34 29 34 34 34 34 34 34
 34 34 34 34 34  0 34 34 34 29 34 34  1 34 34 34 10 34 34 34 34 34 34 34
 34 29 34 34 34 34  5 34 34 34 34 34 34 34 34 34 34 34 34 34 34 34 34 34
  1 34 34 34 34 34 34 34 34 34 34 34 34 34 34 34 34 34 34 34 34 34 34 34
 34 19 34 29 34 34 29 34 34 34 34 34 29 34 18 34 19 34 34 34 34 34 34 34
 34 29 34 34 34 34 34 34 29 34 32 34 34 34 34 34 34 30 18 34 34 34 34 34
 34 34 34 34  0 29 29 18 34 34 34 29 29 34 34 34 34 34 34 34 34 34 34 34
 34 34 34 34 29 34 29 34 34 34 34 34 27 34 34 34 18 34 19 34 34 30 34 18
 34 34 34 34 19 34 34 34 34 34 19 34 34 34 34 34 29 34 34 34 34 34 13 34
 34 34 27 34 34 34 29 34 34 34 34 34 34 34 34 34 34 34 18 34 34 34 34 34
 34 29 34 34 34 34  0 34 34 34 34 34 34 34 15 34 34 29 34 29 34 34 34 34
 34 34 34 34 34 34 34 34 34 34 34 34 34 34  9 34 34 34 34 34 34 34  0 34
 34 34 34 34 34 34 34 34 34 34 34 34 34 34 34 34 34 34 18 34 34 34 34 34
 34 34 34 29 29 34 34 34 34 34 34 34 34 34 34 19 34 34 34 34 34 34 34 34
 34 34 34 34 34 34 34 34 34 34 34 34 34 34 34 34 34 34 34 34 34 34 34 34
 32 34 34 34 34 34 34 34 34 34 29 34 34  0 34 34 34 34 34 18 34 34 34 34
 34 34 34 34 34 34 34 34 34 30 34 34 34 34 34 29 34 34 34 34 34 34 34 34
 21 35 35 35 35 35 35 35 35 35  0 35 35 35 35 35  5 35 35  8 35 35 35 35
 35 35 35 35 35 35 35 35 35 35 35 35 35  5 35  5 35 35 35 35 35 35 35 35
 35  0 35 35 18  0 35 35 35 35 35 18 35 35 35 35  6 35 35 35  0 18 35  5
 35 21 35 35 35 35 35 35 35 35 35 35 35 35 35 35 35 35 35 35 35 35 35 35
 35 35 35 35 35 35 35 35 35 35 35 35 35 35 21 35 35 35]